-0.080742 -0.150223 -0.015729
-0.077564 -0.150302 -0.015768
-0.074193 -0.292852 -0.021624
-0.058977 -0.475698 -0.024343
-0.080646 -0.665976 -0.027145
-0.053950 -0.954546 -0.031081

rosservice call /nav_dest "{goal_x: -0.053950, goal_y: -0.954546, goal_yaw: -0.031081, distance_tolerance: 0.3, angle_tolerance: 0.1}"   


-0.053950 -0.954546 -0.031081
-0.080646 -0.665976 -0.027145
-0.058977 -0.475698 -0.024343
-0.074193 -0.292852 -0.021624
-0.077564 -0.150302 -0.015768
-0.080742 -0.150223 -0.015729


rosservice call /nav_dest "{goal_x: -0.080742, goal_y: -0.150223, goal_yaw: -0.015729, distance_tolerance: 0.3, angle_tolerance: 0.1}"   
